[gd_scene load_steps=8 format=3 uid="uid://c0sasysuix642"]

[ext_resource type="ArrayMesh" uid="uid://yrv43j00v65j" path="res://StopBananLevel/banana.obj" id="1_h4oi5"]
[ext_resource type="Script" path="res://StopBananLevel/Camera.gd" id="2_f1ql4"]

[sub_resource type="PhysicsMaterial" id="PhysicsMaterial_o3ul0"]

[sub_resource type="WorldBoundaryShape3D" id="WorldBoundaryShape3D_07me4"]

[sub_resource type="PlaneMesh" id="PlaneMesh_ugkwv"]

[sub_resource type="PhysicsMaterial" id="PhysicsMaterial_3ph0a"]

[sub_resource type="CylinderShape3D" id="CylinderShape3D_4i0gp"]
height = 12.747
radius = 1.434

[node name="Node3D" type="Node3D"]

[node name="StaticBody3D" type="StaticBody3D" parent="."]
transform = Transform3D(2.44992, -0.0918555, 0.00531862, 1.65129, 0.136274, 0.00708552, -0.0244186, -0.000471013, 1.01277, 14.9757, 0, 0)
physics_material_override = SubResource("PhysicsMaterial_o3ul0")

[node name="CollisionShape3D" type="CollisionShape3D" parent="StaticBody3D"]
shape = SubResource("WorldBoundaryShape3D_07me4")

[node name="MeshInstance3D" type="MeshInstance3D" parent="StaticBody3D/CollisionShape3D"]
transform = Transform3D(9.97756, 0, 0, 0, 0.999674, 0, 0, 0, 9.98761, 0, 0, 0)
mesh = SubResource("PlaneMesh_ugkwv")

[node name="RigidBody3D" type="RigidBody3D" parent="."]
transform = Transform3D(1, 0, 0, 0, 1, 0, 0, 0, 1, 29.3189, 11.7925, 0.0169239)
physics_material_override = SubResource("PhysicsMaterial_3ph0a")

[node name="CollisionShape3D" type="CollisionShape3D" parent="RigidBody3D"]
transform = Transform3D(-0.0423365, -0.0788341, -0.577681, -0.587702, -0.012318, 0.0437768, -0.017282, 0.612017, -0.0735302, 0.0788231, -0.0660686, 0.482115)
shape = SubResource("CylinderShape3D_4i0gp")

[node name="Banana" type="MeshInstance3D" parent="RigidBody3D/CollisionShape3D"]
transform = Transform3D(-0.0334342, -0.0657146, -0.997278, 0.999441, -0.00219835, -0.0333619, -4.6403e-10, -0.997836, 0.0657514, 0.324875, -4.04664, 2.77651)
mesh = ExtResource("1_h4oi5")
skeleton = NodePath("../../..")

[node name="Camera" type="Camera3D" parent="."]
transform = Transform3D(-0.0796069, -0.000216511, -0.996826, -0.00031587, 1, -0.000191975, 0.996826, 0.000299585, -0.079607, -17.6814, 0.240107, 0)
script = ExtResource("2_f1ql4")

[node name="DirectionalLight3D" type="DirectionalLight3D" parent="."]
transform = Transform3D(0.284116, 0, -0.95879, 0, 1, 0, 0.95879, 0, 0.284116, 0, 7.31746, 0)
